Platzkategorie	Preis	Tax	Anzahl	Betrag	Kassiert	Vorausbezahlt	Fakturieren	Tax
Kaffee, Espresso	4.00	0.0000	13	52.00	52.00	0.00	0.00	0.00
Mineralwasser mit	4.00	0.0000	2	8.00	8.00	0.00	0.00	0.00
Mineralwasser ohne	4.00	0.0000	3	12.00	12.00	0.00	0.00	0.00
Sirup	2.00	0.0000	1	2.00	2.00	0.00	0.00	0.00
CocaCola	5.00	0.0000	3	15.00	15.00	0.00	0.00	0.00
CocaCola Zero	5.00	0.0000	3	15.00	15.00	0.00	0.00	0.00
Eistee	5.00	0.0000	5	25.00	25.00	0.00	0.00	0.00
Gazosa Zitrone	6.00	0.0000	9	54.00	54.00	0.00	0.00	0.00
Gazosa Orange	6.00	0.0000	1	6.00	6.00	0.00	0.00	0.00
Schoggi	4.00	0.0000	1	4.00	4.00	0.00	0.00	0.00
Mocca	4.00	0.0000	1	4.00	4.00	0.00	0.00	0.00
Erdbeere	4.00	0.0000	3	12.00	12.00	0.00	0.00	0.00
M&Ms	3.00	0.0000	9	27.00	27.00	0.00	0.00	0.00
Maltesers	3.00	0.0000	5	15.00	15.00	0.00	0.00	0.00
Popcorn frisch	5.00	0.0000	16	80.00	80.00	0.00	0.00	0.00
75	331.00	331.00	0.00	0.00	0.00
Spez 1		0.0000	1	7.00	7.00	0.00	0.00	0.00
Spez 2		0.0000	1	50.00	50.00	0.00	0.00	0.00
2	57.00	57.00	0.00	0.00	0.00
Gesamt	77	388.00	388.00	0.00	0.00	0.00