Platzkategorie	Preis	Tax	Anzahl	Betrag	Kassiert	Vorausbezahlt	Fakturieren	Tax
Bier	5.00	0.0000	8	40.00	40.00	0.00	0.00	0.00
Kaffee, Espresso	4.00	0.0000	1	4.00	4.00	0.00	0.00	0.00
Mineralwasser mit	4.00	0.0000	5	20.00	20.00	0.00	0.00	0.00
Mineralwasser ohne	4.00	0.0000	3	12.00	12.00	0.00	0.00	0.00
CocaCola	5.00	0.0000	4	20.00	20.00	0.00	0.00	0.00
Eistee	5.00	0.0000	3	15.00	15.00	0.00	0.00	0.00
Gazosa Zitrone	6.00	0.0000	2	12.00	12.00	0.00	0.00	0.00
Gazosa Grapefruit	6.00	0.0000	3	18.00	18.00	0.00	0.00	0.00
Gazosa Orange	6.00	0.0000	6	36.00	36.00	0.00	0.00	0.00
Schoggi	4.00	0.0000	2	8.00	8.00	0.00	0.00	0.00
Mocca	4.00	0.0000	5	20.00	20.00	0.00	0.00	0.00
Mango	4.00	0.0000	2	8.00	8.00	0.00	0.00	0.00
Erdbeere	4.00	0.0000	4	16.00	16.00	0.00	0.00	0.00
Caramel	4.00	0.0000	1	4.00	4.00	0.00	0.00	0.00
Schleckbecher Bunter Mix	5.00	0.0000	3	15.00	15.00	0.00	0.00	0.00
M&Ms	3.00	0.0000	4	12.00	12.00	0.00	0.00	0.00
Maltesers	3.00	0.0000	1	3.00	3.00	0.00	0.00	0.00
Popcorn frisch	5.00	0.0000	9	45.00	45.00	0.00	0.00	0.00
Zweifel Peanuts Salted	3.00	0.0000	1	3.00	3.00	0.00	0.00	0.00
67	311.00	311.00	0.00	0.00	0.00
Spez 1		0.0000	2	16.00	16.00	0.00	0.00	0.00
Spez 2		0.0000	1	7.00	7.00	0.00	0.00	0.00
Spez 3		0.0000	5	40.00	40.00	0.00	0.00	0.00
Spez 4		0.0000	22	154.00	154.00	0.00	0.00	0.00
30	217.00	217.00	0.00	0.00	0.00
Gesamt	97	528.00	528.00	0.00	0.00	0.00